// MilkShape 3D ASCII

Frames: 30
Frame: 1

Meshes: 3
"Frame" 0 0
30
0 2.000000 28.000000 0.000000 0.533333 0.033333 -1
0 2.000000 30.000000 0.000000 0.533333 0.000000 -1
0 -2.000000 30.000000 0.000000 0.466667 0.000000 -1
0 -2.000000 28.000000 0.000000 0.466667 0.033333 -1
0 8.000000 22.000000 0.000000 0.633333 0.133333 -1
0 10.000000 22.000000 0.000000 0.666667 0.133333 -1
0 8.000000 0.000000 0.000000 0.633333 0.500000 -1
0 10.000000 4.000000 0.000000 0.666667 0.433333 -1
0 18.000000 10.000000 0.000000 0.800000 0.333333 -1
0 18.000000 12.000000 0.000000 0.800000 0.300000 -1
0 24.000000 10.000000 0.000000 0.900000 0.333333 -1
0 24.000000 12.000000 0.000000 0.900000 0.300000 -1
0 -18.000000 10.000000 0.000000 0.200000 0.333333 -1
0 -8.000000 0.000000 0.000000 0.366667 0.500000 -1
0 -10.000000 4.000000 0.000000 0.333333 0.433333 -1
0 -18.000000 12.000000 0.000000 0.200000 0.300000 -1
0 -8.000000 22.000000 0.000000 0.366667 0.133333 -1
0 -10.000000 22.000000 0.000000 0.333333 0.133333 -1
0 28.000000 6.000000 0.000000 0.966667 0.400000 -1
0 30.000000 6.000000 0.000000 1.000000 0.400000 -1
0 30.000000 0.000000 0.000000 1.000000 0.500000 -1
0 28.000000 0.000000 0.000000 0.966667 0.500000 -1
0 0.000000 -28.000000 0.000000 0.500000 0.966667 -1
0 0.000000 -30.000000 0.000000 0.500000 1.000000 -1
0 -28.000000 0.000000 0.000000 0.033333 0.500000 -1
0 -30.000000 0.000000 0.000000 0.000000 0.500000 -1
0 -28.000000 6.000000 0.000000 0.033333 0.400000 -1
0 -30.000000 6.000000 0.000000 0.000000 0.400000 -1
0 -24.000000 10.000000 0.000000 0.100000 0.333333 -1
0 -24.000000 12.000000 0.000000 0.100000 0.300000 -1
1
0.000000 0.000000 1.000000
30
0 0 1 2 0 0 0 1
0 3 0 2 0 0 0 1
0 4 5 1 0 0 0 1
0 1 0 4 0 0 0 1
0 6 7 5 0 0 0 1
0 5 4 6 0 0 0 1
0 8 9 7 0 0 0 1
0 7 6 8 0 0 0 1
0 10 11 9 0 0 0 1
0 9 8 10 0 0 0 1
0 12 13 14 0 0 0 1
0 12 14 15 0 0 0 1
0 13 16 17 0 0 0 1
0 17 14 13 0 0 0 1
0 16 3 2 0 0 0 1
0 16 2 17 0 0 0 1
0 18 19 11 0 0 0 1
0 11 10 18 0 0 0 1
0 20 19 18 0 0 0 1
0 18 21 20 0 0 0 1
0 22 23 20 0 0 0 1
0 20 21 22 0 0 0 1
0 22 24 25 0 0 0 1
0 25 23 22 0 0 0 1
0 26 27 25 0 0 0 1
0 25 24 26 0 0 0 1
0 28 29 27 0 0 0 1
0 27 26 28 0 0 0 1
0 12 15 29 0 0 0 1
0 29 28 12 0 0 0 1
"Body" 0 1
46
0 1.500000 21.000000 0.000000 0.069639 0.082500 -1
0 2.000000 28.000000 0.000000 0.070355 0.000000 -1
0 -2.000000 28.000000 0.000000 0.064627 0.000000 -1
0 -1.500000 21.000000 0.000000 0.065343 0.082500 -1
0 -8.000000 22.000000 0.000000 0.056035 0.070714 -1
0 -4.000000 18.500000 0.000000 0.061763 0.111964 -1
0 -8.000000 0.000000 0.000000 0.056035 0.330000 -1
0 -4.000000 -5.500000 0.000000 0.061763 0.394821 -1
0 -1.500000 4.000000 0.000000 0.065343 0.282857 -1
0 -1.500000 6.000000 0.000000 0.065343 0.259286 -1
0 -4.000000 8.500000 0.000000 0.061763 0.229821 -1
0 -4.000000 6.500000 0.000000 0.061763 0.253393 -1
0 1.500000 4.000000 0.000000 0.069639 0.282857 -1
0 1.500000 6.000000 0.000000 0.069639 0.259286 -1
0 4.000000 6.500000 0.000000 0.073220 0.253393 -1
0 4.000000 8.500000 0.000000 0.073220 0.229821 -1
0 4.000000 18.500000 0.000000 0.073220 0.111964 -1
0 8.000000 22.000000 0.000000 0.078948 0.070714 -1
0 4.000000 -5.500000 0.000000 0.073220 0.394821 -1
0 8.000000 0.000000 0.000000 0.078948 0.330000 -1
0 19.500000 5.000000 0.000000 0.095417 0.271071 -1
0 18.000000 10.000000 0.000000 0.093269 0.212143 -1
0 8.500000 -6.000000 0.000000 0.079664 0.400714 -1
0 5.500000 -6.000000 0.000000 0.075368 0.400714 -1
0 1.500000 -8.000000 0.000000 0.069639 0.424286 -1
0 1.500000 -10.000000 0.000000 0.069639 0.447857 -1
0 -1.500000 -10.000000 0.000000 0.065343 0.447857 -1
0 -1.500000 -8.000000 0.000000 0.065343 0.424286 -1
0 -5.500000 -6.000000 0.000000 0.059615 0.400714 -1
0 -8.500000 -6.000000 0.000000 0.055319 0.400714 -1
0 -18.000000 10.000000 0.000000 0.041714 0.212143 -1
0 -19.500000 5.000000 0.000000 0.039566 0.271071 -1
0 -24.000000 10.000000 0.000000 0.033121 0.212143 -1
0 -22.000000 5.000000 0.000000 0.035985 0.271071 -1
0 -28.000000 6.000000 0.000000 0.027393 0.259286 -1
0 -23.000000 4.000000 0.000000 0.034553 0.282857 -1
0 -23.000000 1.500000 0.000000 0.034553 0.312321 -1
0 -28.000000 0.000000 0.000000 0.027393 0.330000 -1
0 0.000000 -28.000000 0.000000 0.067491 0.660000 -1
0 0.000000 -21.500000 0.000000 0.067491 0.583393 -1
0 28.000000 0.000000 0.000000 0.107590 0.330000 -1
0 23.000000 1.500000 0.000000 0.100429 0.312321 -1
0 28.000000 6.000000 0.000000 0.107590 0.259286 -1
0 23.000000 4.000000 0.000000 0.100429 0.282857 -1
0 24.000000 10.000000 0.000000 0.101861 0.212143 -1
0 22.000000 5.000000 0.000000 0.098997 0.271071 -1
1
0.000000 0.000000 1.000000
46
0 0 1 2 0 0 0 1
0 2 3 0 0 0 0 1
0 3 2 4 0 0 0 1
0 3 4 5 0 0 0 1
0 4 6 5 0 0 0 1
0 6 7 5 0 0 0 1
0 8 9 10 0 0 0 1
0 10 11 8 0 0 0 1
0 12 13 9 0 0 0 1
0 8 12 9 0 0 0 1
0 14 15 13 0 0 0 1
0 12 14 13 0 0 0 1
0 16 17 1 0 0 0 1
0 16 1 0 0 0 0 1
0 18 19 17 0 0 0 1
0 17 16 18 0 0 0 1
0 20 21 19 0 0 0 1
0 22 20 19 0 0 0 1
0 23 22 19 0 0 0 1
0 18 23 19 0 0 0 1
0 24 25 23 0 0 0 1
0 18 24 23 0 0 0 1
0 26 25 24 0 0 0 1
0 27 26 24 0 0 0 1
0 7 28 26 0 0 0 1
0 7 26 27 0 0 0 1
0 6 28 7 0 0 0 1
0 6 29 28 0 0 0 1
0 30 31 29 0 0 0 1
0 29 6 30 0 0 0 1
0 30 32 31 0 0 0 1
0 32 33 31 0 0 0 1
0 34 35 33 0 0 0 1
0 33 32 34 0 0 0 1
0 34 36 35 0 0 0 1
0 34 37 36 0 0 0 1
0 38 39 36 0 0 0 1
0 36 37 38 0 0 0 1
0 38 40 41 0 0 0 1
0 38 41 39 0 0 0 1
0 40 42 41 0 0 0 1
0 42 43 41 0 0 0 1
0 44 45 43 0 0 0 1
0 44 43 42 0 0 0 1
0 20 45 44 0 0 0 1
0 20 44 21 0 0 0 1
"Glow" 0 2
4
0 -30.000000 30.000000 0.500000 0.000000 0.000000 -1
0 30.000000 -30.000000 0.500000 0.125000 1.000000 -1
0 30.000000 30.000000 0.500000 0.125000 0.000000 -1
0 -30.000000 -30.000000 0.500000 0.000000 1.000000 -1
1
0.000000 0.000000 1.000000
2
0 0 1 2 0 0 0 1
0 0 3 1 0 0 0 1

Materials: 3
"Frame"
0.200000 0.200000 0.200000 1.000000
0.800000 0.800000 0.800000 1.000000
0.000000 0.000000 0.000000 1.000000
0.000000 0.000000 0.000000 1.000000
128.000000
1.000000
"textures\Frame.png"
""
"Gradient"
0.200000 0.200000 0.200000 1.000000
0.800000 0.800000 0.800000 1.000000
0.000000 0.000000 0.000000 1.000000
0.000000 0.000000 0.000000 1.000000
128.000000
1.000000
"textures\Gradient.ini"
""
"Glow"
0.200000 0.200000 0.200000 1.000000
0.800000 0.800000 0.800000 1.000000
0.000000 0.000000 0.000000 1.000000
0.000000 0.000000 0.000000 1.000000
128.000000
1.000000
"textures\Glow.ini"
""

Bones: 0
GroupComments: 0
MaterialComments: 0
BoneComments: 0
ModelComment: 0
