// MilkShape 3D ASCII

Frames: 30
Frame: 1

Meshes: 2
"cells" 1 1
93
1 0.000000 -31.071068 0.000163 0.006081 0.055883 -1
1 32.071068 1.000000 0.000163 0.009453 0.042723 -1
1 0.000000 -28.242641 3.011776 0.006081 0.054724 -1
1 29.242641 1.000000 3.011776 0.009155 0.042723 -1
1 19.000000 14.071068 0.000163 0.008078 0.037359 -1
1 19.000000 11.242641 3.011776 0.008078 0.038520 -1
1 11.000000 6.071067 0.000163 0.007323 0.040642 -1
1 9.000000 1.242640 3.011776 0.007113 0.042548 -1
1 11.000000 30.000000 0.000163 0.007323 0.030823 -1
1 9.000000 28.000000 3.011776 0.007113 0.031643 -1
1 -11.000000 30.000000 0.000163 0.004838 0.030823 -1
1 -9.000000 28.000000 3.011776 0.005048 0.031643 -1
1 -11.000000 6.071067 0.000163 0.004838 0.040642 -1
1 -9.000000 1.242640 3.011776 0.005048 0.042548 -1
1 -19.000000 14.071068 0.000163 0.004083 0.037359 -1
1 -19.000000 11.242641 3.011776 0.004083 0.038520 -1
1 -32.071068 1.000000 0.000163 0.002708 0.042723 -1
1 -29.242641 1.000000 3.011776 0.003006 0.042723 -1
1 0.000000 -28.242641 3.011776 0.125125 0.964352 -1
1 29.242641 1.000000 3.011776 0.243787 0.490133 -1
1 0.000000 -24.000000 7.500001 0.125125 0.895550 -1
1 25.000000 1.000000 7.500001 0.226571 0.490133 -1
1 19.000000 11.242641 3.011776 0.202224 0.324031 -1
1 19.000000 7.000000 7.500001 0.202224 0.392832 -1
1 9.000000 1.242640 3.011776 0.161645 0.486199 -1
1 6.000000 -6.000000 7.500001 0.149471 0.603651 -1
1 9.000000 28.000000 3.011776 0.161645 0.052282 -1
1 6.000000 25.000000 7.500001 0.149471 0.100932 -1
1 -9.000000 28.000000 3.011776 0.088604 0.052282 -1
1 -6.000000 25.000000 7.500001 0.100777 0.100932 -1
1 -9.000000 1.242640 3.011776 0.088604 0.486199 -1
1 -6.000000 -6.000000 7.500001 0.100777 0.603651 -1
1 -19.000000 11.242641 3.011776 0.048025 0.324031 -1
1 -19.000000 7.000000 7.500001 0.048025 0.392832 -1
1 -29.242641 1.000000 3.011776 0.006462 0.490133 -1
1 -25.000000 1.000000 7.500001 0.023678 0.490133 -1
1 0.003530 -23.438393 7.499528 0.125138 0.886441 -1
1 24.219559 0.792938 7.499528 0.223404 0.493490 -1
1 19.000000 6.000001 7.499528 0.202224 0.409049 -1
1 0.003530 -12.972013 7.499528 0.125138 0.716713 -1
1 0.006654 -7.007474 7.499525 0.125152 0.619987 -1
1 -18.986691 6.000001 7.499528 0.048079 0.409049 -1
1 -24.206251 0.792942 7.499528 0.026899 0.493490 -1
1 5.932364 -1.072237 7.499848 0.149197 0.523738 -1
1 -5.928834 -1.072237 7.499848 0.101066 0.523738 -1
1 -5.928834 9.991324 7.499848 0.101066 0.344323 -1
1 -5.928834 15.991894 7.499848 0.101066 0.247014 -1
1 5.932364 15.991894 7.499848 0.149197 0.247014 -1
1 5.932364 9.991323 7.499848 0.149197 0.344323 -1
1 0.000000 -28.242641 -3.011452 0.006081 0.054724 -1
1 29.242641 1.000000 -3.011452 0.009155 0.042723 -1
1 19.000000 11.242641 -3.011452 0.008078 0.038520 -1
1 9.000000 1.242640 -3.011452 0.007113 0.042548 -1
1 9.000000 28.000000 -3.011452 0.007113 0.031643 -1
1 -9.000000 28.000000 -3.011452 0.005048 0.031643 -1
1 -9.000000 1.242640 -3.011452 0.005048 0.042548 -1
1 -19.000000 11.242641 -3.011452 0.004083 0.038520 -1
1 -29.242641 1.000000 -3.011452 0.003006 0.042723 -1
1 29.242641 1.000000 -3.011452 0.243787 0.490133 -1
1 0.000000 -28.242641 -3.011452 0.125125 0.964352 -1
1 0.000000 -24.000000 -7.499676 0.125125 0.895550 -1
1 25.000000 1.000000 -7.499676 0.226571 0.490133 -1
1 19.000000 11.242641 -3.011452 0.202224 0.324031 -1
1 19.000000 7.000000 -7.499676 0.202224 0.392832 -1
1 9.000000 1.242640 -3.011452 0.161645 0.486199 -1
1 6.000000 -6.000000 -7.499676 0.149471 0.603651 -1
1 9.000000 28.000000 -3.011452 0.161645 0.052282 -1
1 6.000000 25.000000 -7.499676 0.149471 0.100932 -1
1 -9.000000 28.000000 -3.011452 0.088604 0.052282 -1
1 -6.000000 25.000000 -7.499676 0.100777 0.100932 -1
1 -9.000000 1.242640 -3.011452 0.088604 0.486199 -1
1 -6.000000 -6.000000 -7.499676 0.100777 0.603651 -1
1 -19.000000 11.242641 -3.011452 0.048025 0.324031 -1
1 -19.000000 7.000000 -7.499676 0.048025 0.392832 -1
1 -29.242641 1.000000 -3.011452 0.006462 0.490133 -1
1 -25.000000 1.000000 -7.499676 0.023678 0.490133 -1
1 0.003530 -23.438393 -7.499203 0.125138 0.886441 -1
1 24.219559 0.792938 -7.499203 0.223404 0.493490 -1
1 19.000000 6.000001 -7.499203 0.202224 0.409049 -1
1 0.003530 -12.972013 -7.499203 0.125138 0.716713 -1
1 0.006654 -7.007474 -7.499200 0.125152 0.619987 -1
1 -18.986691 6.000001 -7.499203 0.048079 0.409049 -1
1 -24.206251 0.792942 -7.499203 0.026899 0.493490 -1
1 5.932364 -1.072237 -7.499523 0.149197 0.523738 -1
1 -5.928834 -1.072237 -7.499523 0.101066 0.523738 -1
1 -5.928834 9.991324 -7.499523 0.101066 0.344323 -1
1 -5.928834 15.991894 -7.499523 0.101066 0.247014 -1
1 5.932364 9.991323 -7.499523 0.149197 0.344323 -1
1 5.932364 15.991894 -7.499523 0.149197 0.247014 -1
1 -0.012311 3.942183 7.487805 0.125074 0.442420 -1
1 -0.012311 9.973434 7.487805 0.125074 0.344613 -1
1 0.012311 3.942183 -7.487803 0.125174 0.442420 -1
1 0.012311 9.973433 -7.487803 0.125174 0.344613 -1
110
-0.316228 -0.948683 0.000000
0.948683 -0.316228 0.000000
0.236107 -0.708319 0.665235
0.708319 0.236107 0.665235
0.316228 0.948683 0.000000
-0.236107 0.708319 0.665235
-0.281085 0.959683 0.000000
0.521736 0.285347 0.803971
0.894427 0.447214 0.000000
0.333905 0.667810 0.665235
-0.447214 0.894427 0.000000
-0.667810 0.333905 0.665235
-0.877355 0.479841 0.000000
0.167152 0.570694 0.803971
0.316228 0.948683 0.000000
-0.236106 0.708319 0.665235
-0.948683 0.316228 0.000000
-0.708319 -0.236107 0.665235
-0.235428 -0.706283 0.667637
0.706283 -0.235428 0.667637
0.235428 -0.706283 0.667637
0.706283 0.235428 0.667637
0.235428 0.706283 0.667637
-0.235428 0.706283 0.667637
-0.166452 0.568302 0.805808
0.519549 0.284151 0.805808
0.665890 0.332945 0.667637
0.332945 0.665890 0.667637
-0.332945 0.665890 0.667637
-0.665890 0.332945 0.667637
-0.519549 0.284151 0.805808
0.166452 0.568302 0.805808
0.235428 0.706283 0.667637
-0.235428 0.706283 0.667637
-0.706283 0.235428 0.667637
-0.706283 -0.235428 0.667637
-0.000278 0.000836 1.000000
0.000265 0.000830 1.000000
-0.000717 0.000398 1.000000
-0.000592 -0.000043 1.000000
0.000002 -0.000477 1.000000
0.000000 -0.000473 1.000000
-0.000002 -0.000321 1.000000
-0.000486 -0.000114 1.000000
-0.000000 0.000015 1.000000
-0.000167 -0.000478 1.000000
0.000153 -0.000473 1.000000
0.000456 -0.000115 1.000000
0.000582 -0.000045 1.000000
0.000705 0.000390 1.000000
-0.000084 0.000030 1.000000
0.000084 0.000030 1.000000
0.002151 0.000000 0.999998
0.002112 0.000000 0.999998
0.002074 0.000000 0.999998
-0.002105 0.000000 0.999998
-0.002184 0.000000 0.999998
-0.002263 0.000000 0.999997
0.236107 -0.708320 -0.665234
0.708320 0.236107 -0.665234
-0.236107 0.708320 -0.665235
0.521736 0.285347 -0.803970
0.333905 0.667810 -0.665235
-0.667810 0.333905 -0.665235
0.167152 0.570694 -0.803970
-0.236107 0.708320 -0.665234
-0.708320 -0.236107 -0.665234
0.706282 -0.235427 -0.667637
-0.235427 -0.706282 -0.667637
0.235427 -0.706282 -0.667637
0.706282 0.235427 -0.667637
0.235427 0.706282 -0.667637
-0.235428 0.706283 -0.667637
-0.166452 0.568301 -0.805808
0.519549 0.284151 -0.805808
0.665890 0.332945 -0.667637
0.332945 0.665890 -0.667637
-0.332945 0.665890 -0.667637
-0.665890 0.332945 -0.667637
-0.519549 0.284151 -0.805808
0.166452 0.568301 -0.805808
0.235428 0.706283 -0.667637
-0.235428 0.706282 -0.667637
-0.706282 0.235428 -0.667637
-0.706282 -0.235427 -0.667637
0.000265 0.000830 -1.000000
-0.000278 0.000836 -1.000000
-0.000717 0.000398 -1.000000
-0.000592 -0.000043 -1.000000
0.000002 -0.000477 -1.000000
0.000000 -0.000473 -1.000000
-0.000002 -0.000321 -1.000000
-0.000000 0.000015 -1.000000
-0.000486 -0.000114 -1.000000
0.000153 -0.000473 -1.000000
-0.000167 -0.000478 -1.000000
0.000457 -0.000115 -1.000000
0.000582 -0.000045 -1.000000
0.000705 0.000390 -1.000000
-0.000085 0.000030 -1.000000
0.000084 0.000030 -1.000000
0.002091 0.000000 -0.999998
0.002151 0.000000 -0.999998
0.002032 0.000000 -0.999998
-0.002169 0.000000 -0.999998
-0.002074 0.000000 -0.999998
-0.002263 0.000000 -0.999997
0.000005 0.000000 1.000000
0.000005 0.000000 1.000000
-0.000004 0.000000 -1.000000
120
1 0 1 2 0 1 2 1
1 1 3 2 1 3 2 1
1 1 4 3 1 4 3 1
1 4 5 3 4 5 3 1
1 4 6 5 4 6 5 1
1 6 7 5 6 7 5 1
1 6 8 7 6 8 7 1
1 8 9 7 8 9 7 1
1 8 10 9 8 10 9 1
1 10 11 9 10 11 9 1
1 10 12 11 10 12 11 1
1 12 13 11 12 13 11 1
1 12 14 13 12 14 13 1
1 14 15 13 14 15 13 1
1 14 16 15 14 16 15 1
1 16 17 15 16 17 15 1
1 16 0 17 16 0 17 1
1 0 2 17 0 2 17 1
1 18 19 20 18 19 20 6
1 19 21 20 19 21 20 6
1 19 22 21 19 22 21 6
1 22 23 21 22 23 21 6
1 22 24 23 22 24 23 6
1 24 25 23 24 25 23 6
1 24 26 25 24 26 25 6
1 26 27 25 26 27 25 6
1 26 28 27 26 28 27 6
1 28 29 27 28 29 27 6
1 28 30 29 28 30 29 6
1 30 31 29 30 31 29 6
1 30 32 31 30 32 31 6
1 32 33 31 32 33 31 6
1 32 34 33 32 34 33 6
1 34 35 33 34 35 33 6
1 34 18 35 34 18 35 6
1 18 20 35 18 20 35 6
1 36 20 21 36 37 38 1
1 36 21 37 36 38 39 1
1 37 21 23 39 38 40 1
1 37 23 38 39 40 41 1
1 39 38 23 42 41 40 1
1 25 40 39 43 44 42 1
1 23 25 39 40 43 42 1
1 33 41 39 45 46 42 1
1 39 40 31 42 44 47 1
1 39 31 33 42 47 45 1
1 41 33 35 46 45 48 1
1 41 35 42 46 48 49 1
1 42 35 20 49 48 37 1
1 42 20 36 49 37 36 1
1 25 43 40 43 50 44 1
1 40 44 31 44 51 47 1
1 29 45 46 52 53 54 1
1 47 48 27 55 56 57 1
1 27 48 25 57 56 43 1
1 31 45 29 47 53 52 1
1 1 0 49 1 0 58 1
1 50 1 49 59 1 58 1
1 4 1 50 4 1 59 1
1 51 4 50 60 4 59 1
1 6 4 51 6 4 60 1
1 52 6 51 61 6 60 1
1 8 6 52 8 6 61 1
1 53 8 52 62 8 61 1
1 10 8 53 10 8 62 1
1 54 10 53 63 10 62 1
1 12 10 54 12 10 63 1
1 55 12 54 64 12 63 1
1 14 12 55 14 12 64 1
1 56 14 55 65 14 64 1
1 16 14 56 16 14 65 1
1 57 16 56 66 16 65 1
1 0 16 57 0 16 66 1
1 49 0 57 58 0 66 1
1 58 59 60 67 68 69 6
1 61 58 60 70 67 69 6
1 62 58 61 71 67 70 6
1 63 62 61 72 71 70 6
1 64 62 63 73 71 72 6
1 65 64 63 74 73 72 6
1 66 64 65 75 73 74 6
1 67 66 65 76 75 74 6
1 68 66 67 77 75 76 6
1 69 68 67 78 77 76 6
1 70 68 69 79 77 78 6
1 71 70 69 80 79 78 6
1 72 70 71 81 79 80 6
1 73 72 71 82 81 80 6
1 74 72 73 83 81 82 6
1 75 74 73 84 83 82 6
1 59 74 75 68 83 84 6
1 60 59 75 69 68 84 6
1 60 76 61 85 86 87 1
1 61 76 77 87 86 88 1
1 61 77 63 87 88 89 1
1 63 77 78 89 88 90 1
1 78 79 63 90 91 89 1
1 80 65 79 92 93 91 1
1 65 63 79 93 89 91 1
1 81 73 79 94 95 91 1
1 80 79 71 92 91 96 1
1 71 79 73 96 91 95 1
1 73 81 75 95 94 97 1
1 75 81 82 97 94 98 1
1 75 82 60 97 98 85 1
1 60 82 76 85 98 86 1
1 83 65 80 99 93 92 1
1 84 80 71 100 92 96 1
1 85 69 86 101 102 103 1
1 87 88 67 104 105 106 1
1 87 67 65 104 106 93 1
1 85 71 69 101 96 102 1
1 89 48 47 107 56 55 1
1 47 90 89 55 108 107 1
1 89 90 46 107 108 54 1
1 46 45 89 54 53 107 1
1 91 85 86 109 101 103 1
1 86 92 91 103 109 109 1
1 91 92 88 109 109 105 1
1 88 87 91 105 104 109 1
"scroller" 0 0
36
0 0.003530 -12.972013 7.499528 0.553205 0.752422 -1
0 0.003530 -23.438393 7.499528 0.558454 0.859485 -1
0 24.219559 0.792938 7.499528 0.557986 0.373106 -1
0 19.000000 6.000001 7.499528 0.552862 0.371264 -1
0 5.932364 9.997692 7.499848 0.544489 0.461345 -1
0 0.003530 3.943148 7.499848 0.544555 0.576117 -1
0 0.006654 -7.319974 7.499525 0.550369 0.694753 -1
0 5.932364 -1.384737 7.499848 0.550255 0.575546 -1
0 5.932364 25.008110 7.499848 0.537567 0.316758 -1
0 0.003530 25.008110 7.499848 0.534707 0.375107 -1
0 0.003530 9.984968 7.499848 0.542111 0.524908 -1
0 5.932364 16.017227 7.499848 0.542046 0.410137 -1
0 -24.206251 0.792942 7.499528 0.557986 0.373106 -1
0 -18.986691 6.000001 7.499528 0.552862 0.371264 -1
0 -5.928834 9.997692 7.499848 0.544489 0.461345 -1
0 -5.928834 -1.384737 7.499848 0.550255 0.575546 -1
0 -5.928834 25.008110 7.499848 0.537567 0.316758 -1
0 -5.928834 16.017227 7.499848 0.542046 0.410137 -1
0 0.003530 -23.438393 -7.499203 0.558454 0.859485 -1
0 0.003530 -12.972013 -7.499203 0.553205 0.752422 -1
0 24.219559 0.792938 -7.499203 0.557986 0.373106 -1
0 19.000000 6.000001 -7.499203 0.552862 0.371264 -1
0 0.003530 3.943148 -7.499523 0.544555 0.576117 -1
0 5.932364 9.997692 -7.499523 0.544489 0.461345 -1
0 0.006654 -7.319974 -7.499200 0.550369 0.694753 -1
0 5.932364 -1.384737 -7.499523 0.550255 0.575546 -1
0 0.003530 25.008110 -7.499523 0.534707 0.375107 -1
0 5.932364 25.008110 -7.499523 0.537567 0.316758 -1
0 0.003530 9.984968 -7.499523 0.542111 0.524908 -1
0 5.932364 16.017227 -7.499523 0.542046 0.410137 -1
0 -24.206251 0.792942 -7.499203 0.557986 0.373106 -1
0 -18.986691 6.000001 -7.499203 0.552862 0.371264 -1
0 -5.928834 9.997692 -7.499523 0.544489 0.461345 -1
0 -5.928834 -1.384737 -7.499523 0.550255 0.575546 -1
0 -5.928834 25.008110 -7.499523 0.537567 0.316758 -1
0 -5.928834 16.017227 -7.499523 0.542046 0.410137 -1
14
0.000000 0.000000 1.000000
-0.000013 -0.000014 1.000000
0.000000 -0.000029 1.000000
-0.000000 -0.000014 1.000000
-0.000054 0.000000 1.000000
0.000013 -0.000014 1.000000
0.000054 0.000000 1.000000
0.000000 0.000000 -1.000000
0.000000 -0.000029 -1.000000
-0.000013 -0.000014 -1.000000
-0.000000 -0.000014 -1.000000
-0.000055 0.000000 -1.000000
0.000013 -0.000014 -1.000000
0.000054 0.000000 -1.000000
24
0 0 1 2 0 0 0 1
0 0 2 3 0 0 0 1
0 4 5 6 1 2 3 1
0 4 6 7 1 3 4 1
0 8 9 10 0 0 0 1
0 8 10 11 0 0 0 1
0 1 0 12 0 0 0 1
0 12 0 13 0 0 0 1
0 5 14 6 2 5 3 1
0 6 14 15 3 5 6 1
0 9 16 10 0 0 0 1
0 10 16 17 0 0 0 1
0 18 19 20 7 7 7 1
0 20 19 21 7 7 7 1
0 22 23 24 8 9 10 1
0 24 23 25 10 9 11 1
0 26 27 28 7 7 7 1
0 28 27 29 7 7 7 1
0 19 18 30 7 7 7 1
0 19 30 31 7 7 7 1
0 32 22 24 12 8 10 1
0 32 24 33 12 10 13 1
0 34 26 28 7 7 7 1
0 34 28 35 7 7 7 1

Materials: 2
"01 - Default"
0.588235 0.588235 0.588235 1.000000
0.588235 0.588235 0.588235 1.000000
0.898039 0.898039 0.898039 1.000000
0.000000 0.000000 0.000000 1.000000
12.799999
1.000000
"textures/Tap Note ani texture.ini"
""
"nomove"
0.588235 0.588235 0.588235 1.000000
0.588235 0.588235 0.588235 1.000000
0.898039 0.898039 0.898039 1.000000
0.000000 0.000000 0.000000 1.000000
12.799999
1.000000
"textures/Tap Note parts (mipmaps).png"
""

Bones: 0