// MilkShape 3D ASCII

Frames: 30
Frame: 1

Meshes: 1
"arrow" 1 0
12
0 14.567252 -32.000000 0.000000 0.953125 0.991342 -1
0 14.507245 31.975849 0.000000 0.951065 0.002930 -1
0 13.467836 -32.749992 -4.099999 0.925140 1.000000 -1
0 13.483090 31.225843 -4.099999 0.923710 0.007681 -1
0 -13.666667 31.166664 -4.099999 0.079350 0.007619 -1
0 -14.505555 31.927778 0.000000 0.048592 0.001719 -1
0 -14.555555 -32.000000 0.000000 0.048828 0.990366 -1
0 -13.666667 -32.749992 -4.099999 0.079350 1.000977 -1
0 13.467836 -32.749992 4.099999 0.925140 1.000000 -1
0 13.483090 31.225843 4.099999 0.923710 0.007681 -1
0 -13.666667 31.166664 4.099999 0.079350 0.007619 -1
0 -13.666667 -32.749992 4.099999 0.079350 1.000977 -1
16
-0.965835 -0.000906 0.259155
0.250229 -0.065208 0.965988
0.004292 -0.001118 0.999990
0.483245 -0.000115 0.875485
0.810856 -0.000317 0.585246
0.979675 -0.000766 0.200590
0.978502 -0.000383 0.206239
0.404148 0.000000 0.914694
0.004292 -0.001118 -0.999990
0.250229 -0.065208 -0.965988
-0.965835 -0.000906 -0.259155
0.483245 -0.000115 -0.875485
0.978502 -0.000383 -0.206239
0.979675 -0.000766 -0.200590
0.810856 -0.000317 -0.585246
0.404148 0.000000 -0.914694
14
1 0 1 2 0 1 2 1
1 2 3 1 2 3 1 1
1 4 5 6 4 5 6 1
1 6 7 4 6 7 4 1
1 7 7 4 7 7 4 1
1 3 7 2 3 7 2 1
1 4 7 3 4 7 3 1
1 8 1 0 8 9 10 1
1 1 9 8 9 11 8 1
1 6 5 10 12 13 14 1
1 10 11 6 14 15 12 1
1 10 11 11 14 15 15 1
1 8 11 9 8 15 11 1
1 9 11 10 11 15 14 1

Materials: 1
"Material03"
0.200000 0.200000 0.200000 1.000000
0.800000 0.800000 0.800000 1.000000
0.000000 0.000000 0.000000 1.000000
0.000000 0.000000 0.000000 1.000000
0.000000
1.000000
"1Down Hold Body Inactive (doubleres).png"
""

Bones: 0
GroupComments: 0
MaterialComments: 0
BoneComments: 0
ModelComment: 0
