// MilkShape 3D ASCII

Frames: 30
Frame: 1

Meshes: 1
"liftboi" 1 0
128
0 -19.000000 7.000000 6.000000 0.734800 0.567900 -1
0 -26.000000 1.000000 6.000000 0.726300 0.472100 -1
0 -25.000000 1.000000 6.000000 0.734800 0.472100 -1
0 0.000000 -28.000000 0.000000 0.031250 0.675800 -1
0 -29.000000 1.000000 0.000000 0.008900 0.497200 -1
0 -32.000000 1.000000 0.000000 0.006750 0.497200 -1
0 -6.000000 15.000000 6.000000 0.726300 0.695700 -1
0 -6.000000 16.000000 6.000000 0.726300 0.711600 -1
0 -9.000000 28.000000 0.000000 0.687700 0.903200 -1
0 6.000000 25.000000 6.000000 0.726300 0.855300 -1
0 9.000000 28.000000 0.000000 0.687700 0.903200 -1
0 -19.000000 14.000000 0.000000 0.016750 0.417300 -1
0 -19.000000 11.000000 0.000000 0.016750 0.434600 -1
0 -11.000000 6.000000 0.000000 0.022850 0.466200 -1
0 -24.000000 1.000000 7.000000 0.047300 0.472100 -1
0 -25.000000 1.000000 6.000000 0.047300 0.472100 -1
0 0.000000 -23.000000 7.000000 0.047300 0.088900 -1
0 -6.000000 25.000000 6.000000 0.726300 0.855300 -1
0 -5.500000 16.500000 6.000000 0.734800 0.719600 -1
0 -5.500000 24.500000 6.000000 0.734800 0.847300 -1
0 5.500000 16.500000 6.000000 0.734800 0.719600 -1
0 6.000000 16.000000 6.000000 0.726300 0.711600 -1
0 19.000000 7.000000 6.000000 0.047300 0.567900 -1
0 0.000000 -12.000000 6.000000 0.047300 0.264500 -1
0 19.000000 6.000000 7.000000 0.047300 0.552000 -1
0 9.000000 1.000000 0.000000 0.687700 0.472100 -1
0 6.000000 -4.000000 6.000000 0.726300 0.392300 -1
0 6.000000 -5.000000 6.000000 0.726300 0.376300 -1
0 5.500000 14.500000 6.000000 0.734800 0.687700 -1
0 -5.500000 14.500000 6.000000 0.734800 0.687700 -1
0 -6.000000 6.000000 6.000000 0.726300 0.552000 -1
0 -5.500000 6.500000 6.000000 0.734800 0.559900 -1
0 -6.000000 5.000000 6.000000 0.726300 0.536000 -1
0 5.500000 4.500000 6.000000 0.734800 0.528000 -1
0 6.000000 5.000000 6.000000 0.726300 0.536000 -1
0 0.000000 -12.000000 6.000000 0.734800 0.264500 -1
0 -6.000000 -5.000000 6.000000 0.726300 0.376300 -1
0 5.500000 -3.500000 6.000000 0.734800 0.400300 -1
0 0.000000 -25.000000 6.000000 0.726300 0.057000 -1
0 0.000000 -24.000000 6.000000 0.734800 0.072900 -1
0 19.000000 8.000000 6.000000 0.726300 0.583900 -1
0 19.000000 11.000000 0.000000 0.687700 0.631800 -1
0 25.000000 1.000000 6.000000 0.734800 0.472100 -1
0 19.000000 7.000000 6.000000 0.734800 0.567900 -1
0 -5.500000 -3.500000 6.000000 0.734800 0.400300 -1
0 -6.000000 -4.000000 6.000000 0.726300 0.392300 -1
0 0.000000 -9.000000 6.000000 0.734800 0.312400 -1
0 6.000000 6.000000 6.000000 0.726300 0.552000 -1
0 19.000000 11.000000 0.000000 0.045750 0.434600 -1
0 19.000000 14.000000 0.000000 0.045750 0.417300 -1
0 11.000000 6.000000 0.000000 0.039650 0.466200 -1
0 5.500000 24.500000 6.000000 0.734800 0.847300 -1
0 5.500000 6.500000 6.000000 0.734800 0.559900 -1
0 26.000000 1.000000 6.000000 0.726300 0.472100 -1
0 0.000000 -28.000000 0.000000 0.687700 0.009100 -1
0 29.000000 1.000000 0.000000 0.687700 0.472100 -1
0 6.000000 15.000000 6.000000 0.726300 0.695700 -1
0 6.000000 16.000000 6.000000 0.722800 0.711600 -1
0 -6.000000 15.000000 6.000000 0.722800 0.695700 -1
0 6.000000 15.000000 6.000000 0.722800 0.695700 -1
0 0.000000 -10.000000 6.000000 0.722800 0.296500 -1
0 6.000000 -5.000000 6.000000 0.722800 0.376300 -1
0 6.000000 -4.000000 6.000000 0.722800 0.392300 -1
0 -9.000000 1.000000 0.000000 0.687700 0.472100 -1
0 -6.000000 5.000000 6.000000 0.722800 0.536000 -1
0 6.000000 6.000000 6.000000 0.722800 0.552000 -1
0 -6.000000 6.000000 6.000000 0.722800 0.552000 -1
0 5.500000 4.500000 6.000000 0.047300 0.528000 -1
0 -5.000000 4.000000 7.000000 0.047300 0.520000 -1
0 5.000000 4.000000 7.000000 0.047300 0.520000 -1
0 5.500000 14.500000 6.000000 0.047300 0.687700 -1
0 5.000000 14.000000 7.000000 0.047300 0.679700 -1
0 5.000000 7.000000 7.000000 0.047300 0.567900 -1
0 -5.500000 6.500000 6.000000 0.047300 0.559900 -1
0 -5.000000 7.000000 7.000000 0.047300 0.567900 -1
0 -5.000000 14.000000 7.000000 0.047300 0.679700 -1
0 -5.000000 24.000000 7.000000 0.047300 0.839400 -1
0 -5.500000 16.500000 6.000000 0.047300 0.719600 -1
0 -5.000000 17.000000 7.000000 0.047300 0.727600 -1
0 5.000000 17.000000 7.000000 0.047300 0.727600 -1
0 5.500000 16.500000 6.000000 0.047300 0.719600 -1
0 0.000000 -9.000000 6.000000 0.047300 0.312400 -1
0 0.000000 -8.000000 7.000000 0.047300 0.328400 -1
0 -5.500000 -3.500000 6.000000 0.047300 0.400300 -1
0 -19.000000 8.000000 6.000000 0.726300 0.583900 -1
0 -19.000000 11.000000 0.000000 0.687700 0.631800 -1
0 -29.000000 1.000000 0.000000 0.687700 0.472100 -1
0 11.000000 30.000000 0.000000 0.039650 0.320000 -1
0 -11.000000 30.000000 -2.000000 0.022850 0.320000 -1
0 -11.000000 30.000000 0.000000 0.022850 0.320000 -1
0 -19.000000 14.000000 -2.000000 0.016750 0.417300 -1
0 11.000000 30.000000 -2.000000 0.039650 0.320000 -1
0 0.000000 -31.000000 -2.000000 0.031250 0.693100 -1
0 0.000000 -31.000000 0.000000 0.031250 0.693100 -1
0 11.000000 6.000000 -2.000000 0.039650 0.466200 -1
0 -11.000000 6.000000 -2.000000 0.022850 0.466200 -1
0 32.000000 1.000000 0.000000 0.055750 0.497200 -1
0 19.000000 14.000000 -2.000000 0.045750 0.417300 -1
0 -32.000000 1.000000 -2.000000 0.006750 0.497200 -1
0 32.000000 1.000000 -2.000000 0.055750 0.497200 -1
0 -9.000000 1.000000 0.000000 0.024400 0.495700 -1
0 -19.000000 6.000000 7.000000 0.047300 0.552000 -1
0 -19.000000 7.000000 6.000000 0.047300 0.567900 -1
0 0.000000 -24.000000 6.000000 0.047300 0.072900 -1
0 25.000000 1.000000 6.000000 0.047300 0.472100 -1
0 24.000000 1.000000 7.000000 0.047300 0.472100 -1
0 0.000000 -13.000000 7.000000 0.047300 0.248600 -1
0 -5.500000 4.500000 6.000000 0.734800 0.528000 -1
0 0.000000 -11.000000 6.000000 0.726300 0.280500 -1
0 0.000000 -10.000000 6.000000 0.726300 0.296500 -1
0 -9.000000 28.000000 0.000000 0.024400 0.332200 -1
0 29.000000 1.000000 0.000000 0.053600 0.497200 -1
0 9.000000 28.000000 0.000000 0.038100 0.332200 -1
0 9.000000 1.000000 0.000000 0.038100 0.495700 -1
0 -6.000000 16.000000 6.000000 0.722800 0.711600 -1
0 -6.000000 -4.000000 6.000000 0.722800 0.392300 -1
0 -6.000000 -5.000000 6.000000 0.722800 0.376300 -1
0 0.000000 -11.000000 6.000000 0.722800 0.280500 -1
0 6.000000 5.000000 6.000000 0.722800 0.536000 -1
0 -5.500000 4.500000 6.000000 0.047300 0.528000 -1
0 5.500000 6.500000 6.000000 0.047300 0.559900 -1
0 -5.500000 14.500000 6.000000 0.047300 0.687700 -1
0 5.000000 24.000000 7.000000 0.047300 0.839400 -1
0 5.500000 24.500000 6.000000 0.047300 0.847300 -1
0 -5.500000 24.500000 6.000000 0.047300 0.847300 -1
0 5.500000 -3.500000 6.000000 0.047300 0.400300 -1
0 5.000000 -3.000000 7.000000 0.047300 0.408300 -1
0 -5.000000 -3.000000 7.000000 0.047300 0.408300 -1
60
0.000000 0.000000 1.000000
-0.442326 -0.147442 0.884652
-0.685994 0.000000 0.727607
-0.525731 0.000000 0.850651
-0.683763 0.455842 0.569803
0.187113 0.374225 0.908264
0.801784 0.267261 0.534522
0.000000 0.426401 0.904534
0.097169 0.331756 0.938348
-0.688247 0.229416 0.688247
-0.688247 -0.229416 0.688247
0.000000 -0.707107 0.707107
-0.176931 0.176931 0.968190
0.417408 0.000000 0.908719
0.000000 0.707107 0.707107
0.700882 0.297728 0.648169
0.343279 0.000000 0.939234
0.059226 0.173357 0.983077
-0.343279 0.000000 0.939234
0.525731 0.000000 0.850651
-0.059226 0.173357 0.983077
0.000000 -0.341743 0.939793
-0.147442 0.442326 0.884652
0.285714 0.857143 0.428571
-0.417408 0.000000 0.908719
-0.235702 0.707107 0.666667
0.303296 0.165878 0.938348
0.524097 0.000000 0.851658
0.000000 -0.894427 0.447214
0.894427 0.000000 0.447214
-0.700882 0.297728 0.648169
0.577350 0.577350 0.577350
-0.371391 0.742781 0.557086
0.577350 -0.577350 0.577350
-0.577350 -0.577350 0.577350
-0.577350 0.577350 0.577350
-0.720062 -0.405761 0.562911
0.000000 0.624695 0.780869
0.000000 0.894427 0.447214
-0.857143 0.285714 0.428571
0.267261 0.534522 0.801784
-0.447214 0.894427 0.000000
-0.666667 0.333333 0.666667
0.000000 1.000000 0.000000
0.894427 0.447214 0.000000
0.000000 -1.000000 0.000000
0.000000 -0.426401 0.904534
-0.281085 0.959683 0.000000
-0.877355 0.479842 0.000000
0.685994 0.000000 0.727607
0.316228 0.948683 0.000000
-1.000000 0.000000 0.000000
1.000000 0.000000 0.000000
0.229416 0.688247 0.688247
-0.229416 0.688247 0.688247
0.707107 0.000000 0.707107
-0.742781 0.371391 0.557086
0.720062 -0.405761 0.562911
0.831482 -0.202880 0.517181
-0.831482 -0.202880 0.517181
150
0 0 1 2 0 1 0 1
0 3 4 5 0 0 2 1
0 6 7 8 3 3 4 1
0 8 9 10 4 5 6 1
0 11 12 13 7 0 8 1
0 14 15 16 9 10 11 1
0 17 18 19 12 0 0 1
0 9 20 21 5 0 13 1
0 22 23 24 14 14 14 1
0 25 26 27 15 16 17 1
0 28 6 29 0 3 0 1
0 29 30 31 0 18 0 1
0 32 33 34 18 0 19 1
0 0 35 36 0 0 20 1
0 18 21 20 0 13 0 1
0 26 33 37 16 0 0 1
0 2 38 39 0 21 0 1
0 25 40 41 15 22 23 1
0 42 40 43 0 22 0 1
0 44 45 46 0 24 0 1
0 47 34 25 19 19 15 1
0 48 49 50 0 25 26 1
0 17 51 9 12 0 5 1
0 30 52 31 18 0 0 1
0 53 54 55 27 28 29 1
0 56 52 47 19 0 19 1
0 57 58 59 0 0 0 1
0 60 61 62 0 0 0 1
0 45 63 36 24 30 20 1
0 64 65 66 0 0 0 1
0 67 68 69 31 32 31 1
0 1 54 38 1 28 21 1
0 70 71 72 31 31 33 1
0 73 74 75 34 34 35 1
0 76 77 78 35 34 34 1
0 79 77 80 33 34 33 1
0 81 82 83 11 11 36 1
0 84 63 85 37 30 38 1
0 84 86 1 37 39 1 1
0 53 39 38 27 0 21 1
0 27 35 43 17 0 0 1
0 53 41 40 27 23 22 1
0 87 88 89 40 41 42 1
0 13 90 11 8 43 7 1
0 50 91 87 26 44 40 1
0 5 92 93 2 45 46 1
0 49 94 50 25 47 26 1
0 89 95 13 42 48 8 1
0 96 97 49 49 50 25 1
0 5 90 98 2 43 51 1
0 96 92 99 49 45 52 1
0 0 84 1 0 37 1 1
0 8 63 6 4 30 3 1
0 32 30 63 18 18 30 1
0 63 45 32 30 24 18 1
0 7 17 8 3 12 4 1
0 63 30 6 30 18 3 1
0 8 17 9 4 12 5 1
0 11 5 4 7 2 0 1
0 12 100 13 0 0 8 1
0 11 4 12 7 0 0 1
0 14 101 102 9 53 54 1
0 103 104 16 11 55 11 1
0 104 105 16 55 55 11 1
0 14 102 15 9 54 10 1
0 103 16 15 11 11 10 1
0 17 7 18 12 3 0 1
0 9 51 20 5 0 0 1
0 23 102 101 14 54 53 1
0 24 105 104 14 55 55 1
0 23 101 106 14 53 14 1
0 24 104 22 14 55 14 1
0 23 106 24 14 14 14 1
0 28 56 6 0 19 3 1
0 29 6 30 0 3 18 1
0 32 107 33 18 0 0 1
0 108 36 35 0 20 0 1
0 84 0 36 37 0 20 1
0 18 7 21 0 3 13 1
0 26 34 33 16 19 0 1
0 2 1 38 0 1 21 1
0 25 27 40 15 17 22 1
0 42 53 40 0 27 22 1
0 26 37 46 16 0 0 1
0 44 107 32 0 0 18 1
0 109 26 46 0 16 0 1
0 44 32 45 0 18 24 1
0 109 46 45 0 0 24 1
0 25 10 56 15 6 19 1
0 9 21 10 5 13 6 1
0 56 47 25 19 19 15 1
0 34 26 25 19 16 15 1
0 10 21 56 6 13 19 1
0 89 13 110 42 8 0 1
0 13 100 110 8 0 0 1
0 3 5 93 0 2 46 1
0 111 3 93 0 0 46 1
0 87 89 110 40 42 0 1
0 87 110 112 40 0 0 1
0 50 87 112 26 40 0 1
0 111 93 96 0 46 49 1
0 50 112 113 26 0 0 1
0 48 111 96 0 0 49 1
0 50 113 48 26 0 0 1
0 48 96 49 0 49 25 1
0 17 19 51 12 0 0 1
0 30 47 52 18 19 0 1
0 53 38 54 27 21 28 1
0 56 28 52 19 0 0 1
0 57 114 58 0 0 0 1
0 60 115 116 0 0 0 1
0 117 61 60 0 0 0 1
0 60 116 117 0 0 0 1
0 64 118 65 0 0 0 1
0 67 119 68 31 56 32 1
0 1 86 54 1 39 28 1
0 72 74 73 33 34 34 1
0 120 70 72 33 31 33 1
0 72 73 120 33 34 33 1
0 75 71 70 35 31 31 1
0 121 73 75 35 34 35 1
0 75 70 121 35 31 35 1
0 76 122 123 35 31 31 1
0 124 77 76 35 34 35 1
0 76 123 124 35 31 35 1
0 123 122 79 31 31 33 1
0 79 78 77 33 34 34 1
0 80 123 79 33 31 33 1
0 125 67 126 57 31 58 1
0 67 69 126 31 31 58 1
0 68 119 127 32 56 59 1
0 127 119 83 59 56 36 1
0 81 125 82 11 57 11 1
0 82 127 83 11 59 36 1
0 125 126 82 57 58 11 1
0 84 36 63 37 20 30 1
0 84 85 86 37 38 39 1
0 53 42 39 27 0 0 1
0 43 40 27 0 22 17 1
0 27 108 35 17 0 0 1
0 53 55 41 27 29 23 1
0 87 91 88 40 44 41 1
0 13 95 90 8 48 43 1
0 50 94 91 26 47 44 1
0 5 98 92 2 51 45 1
0 49 97 94 25 50 47 1
0 89 88 95 42 41 48 1
0 96 99 97 49 52 50 1
0 5 11 90 2 7 43 1
0 96 93 92 49 46 45 1

Materials: 1
"liftboi"
0.588235 0.588235 0.588235 1.000000
0.588235 0.588235 0.588235 1.000000
0.898039 0.898039 0.898039 1.000000
0.000000 0.000000 0.000000 1.000000
0.128000
1.000000
"textures\Tap Note parts.ini"
""

Bones: 0
GroupComments: 0
MaterialComments: 0
BoneComments: 0
ModelComment: 0
